0.0	0.5	
0.0	0.502	
0.002	0.5	
0.002	0.502	
0.004	0.5	
0.004	0.502	
0.006	0.5	
0.006	0.502	
0.008	0.5	
0.008	0.502	
0.01	0.5	
0.01	0.502	
0.012	0.5	
0.012	0.502	
0.014	0.5	
0.014	0.502	
0.016	0.5	
0.016	0.502	
0.018	0.5	
0.018	0.502	
0.02	0.5	
0.02	0.502	
0.022	0.5	
0.022	0.502	
0.024	0.5	
0.024	0.502	
0.026	0.5	
0.026	0.502	
0.028	0.5	
0.028	0.502	
0.03	0.5	
0.03	0.502	
0.032	0.5	
0.032	0.502	
0.034	0.5	
0.034	0.502	
0.036	0.5	
0.036	0.502	
0.038	0.5	
0.038	0.502	
0.04	0.5	
0.04	0.502	
0.042	0.5	
0.042	0.502	
0.044	0.5	
0.044	0.502	
0.046	0.5	
0.046	0.502	
0.048	0.5	
0.048	0.502	
0.05	0.5	
0.05	0.502	
0.052	0.5	
0.052	0.502	
0.054	0.5	
0.054	0.502	
0.056	0.5	
0.056	0.502	
0.058	0.5	
0.058	0.502	
0.06	0.5	
0.06	0.502	
0.062	0.5	
0.062	0.502	
0.064	0.5	
0.064	0.502	
0.066	0.5	
0.066	0.502	
0.068	0.5	
0.068	0.502	
0.07	0.5	
0.07	0.502	
0.072	0.5	
0.072	0.502	
0.074	0.5	
0.074	0.502	
0.076	0.5	
0.076	0.502	
0.078	0.5	
0.078	0.502	
0.08	0.5	
0.08	0.502	
0.082	0.5	
0.082	0.502	
0.084	0.5	
0.084	0.502	
0.086	0.5	
0.086	0.502	
0.088	0.5	
0.088	0.502	
0.09	0.5	
0.09	0.502	
0.092	0.5	
0.092	0.502	
0.094	0.5	
0.094	0.502	
0.096	0.5	
0.096	0.502	
0.098	0.5	
0.098	0.502	
0.1	0.5	
0.1	0.502	
0.102	0.5	
0.102	0.502	
0.104	0.5	
0.104	0.502	
0.106	0.5	
0.106	0.502	
0.108	0.5	
0.108	0.502	
0.11	0.5	
0.11	0.502	
0.112	0.5	
0.112	0.502	
0.114	0.5	
0.114	0.502	
0.116	0.5	
0.116	0.502	
0.118	0.5	
0.118	0.502	
0.12	0.5	
0.12	0.502	
0.122	0.5	
0.122	0.502	
0.124	0.5	
0.124	0.502	
0.126	0.5	
0.126	0.502	
0.128	0.5	
0.128	0.502	
0.13	0.5	
0.13	0.502	
0.132	0.5	
0.132	0.502	
0.134	0.5	
0.134	0.502	
0.136	0.5	
0.136	0.502	
0.138	0.5	
0.138	0.502	
0.14	0.5	
0.14	0.502	
0.142	0.5	
0.142	0.502	
0.144	0.5	
0.144	0.502	
0.146	0.5	
0.146	0.502	
0.148	0.5	
0.148	0.502	
0.15	0.5	
0.15	0.502	
0.152	0.5	
0.152	0.502	
0.154	0.5	
0.154	0.502	
0.156	0.5	
0.156	0.502	
0.158	0.5	
0.158	0.502	
0.16	0.5	
0.16	0.502	
0.162	0.5	
0.162	0.502	
0.164	0.5	
0.164	0.502	
0.166	0.5	
0.166	0.502	
0.168	0.5	
0.168	0.502	
0.17	0.5	
0.17	0.502	
0.172	0.5	
0.172	0.502	
0.174	0.5	
0.174	0.502	
0.176	0.5	
0.176	0.502	
0.178	0.5	
0.178	0.502	
0.18	0.5	
0.18	0.502	
0.182	0.5	
0.182	0.502	
0.184	0.5	
0.184	0.502	
0.186	0.5	
0.186	0.502	
0.188	0.5	
0.188	0.502	
0.19	0.5	
0.19	0.502	
0.192	0.5	
0.192	0.502	
0.194	0.5	
0.194	0.502	
0.196	0.5	
0.196	0.502	
0.198	0.5	
0.198	0.502	
0.2	0.5	
0.2	0.502	
0.202	0.5	
0.202	0.502	
0.204	0.5	
0.204	0.502	
0.206	0.5	
0.206	0.502	
0.208	0.5	
0.208	0.502	
0.21	0.5	
0.21	0.502	
0.212	0.5	
0.212	0.502	
0.214	0.5	
0.214	0.502	
0.216	0.5	
0.216	0.502	
0.218	0.5	
0.218	0.502	
0.22	0.5	
0.22	0.502	
0.222	0.5	
0.222	0.502	
0.224	0.5	
0.224	0.502	
0.226	0.5	
0.226	0.502	
0.228	0.5	
0.228	0.502	
0.23	0.5	
0.23	0.502	
0.232	0.5	
0.232	0.502	
0.234	0.5	
0.234	0.502	
0.236	0.5	
0.236	0.502	
0.238	0.5	
0.238	0.502	
0.24	0.5	
0.24	0.502	
0.242	0.5	
0.242	0.502	
0.244	0.5	
0.244	0.502	
0.246	0.5	
0.246	0.502	
0.248	0.5	
0.248	0.502	
0.25	0.5	
0.25	0.502	
0.252	0.5	
0.252	0.502	
0.254	0.5	
0.254	0.502	
0.256	0.5	
0.256	0.502	
0.258	0.5	
0.258	0.502	
0.26	0.5	
0.26	0.502	
0.262	0.5	
0.262	0.502	
0.264	0.5	
0.264	0.502	
0.266	0.5	
0.266	0.502	
0.268	0.5	
0.268	0.502	
0.27	0.5	
0.27	0.502	
0.272	0.5	
0.272	0.502	
0.274	0.5	
0.274	0.502	
0.276	0.5	
0.276	0.502	
0.278	0.5	
0.278	0.502	
0.28	0.5	
0.28	0.502	
0.282	0.5	
0.282	0.502	
0.284	0.5	
0.284	0.502	
0.286	0.5	
0.286	0.502	
0.288	0.5	
0.288	0.502	
0.29	0.5	
0.29	0.502	
0.292	0.5	
0.292	0.502	
0.294	0.5	
0.294	0.502	
0.296	0.5	
0.296	0.502	
0.298	0.5	
0.298	0.502	
0.3	0.5	
0.3	0.502	
0.302	0.5	
0.302	0.502	
0.304	0.5	
0.304	0.502	
0.306	0.5	
0.306	0.502	
0.308	0.5	
0.308	0.502	
0.31	0.5	
0.31	0.502	
0.312	0.5	
0.312	0.502	
0.314	0.5	
0.314	0.502	
0.316	0.5	
0.316	0.502	
0.318	0.5	
0.318	0.502	
0.32	0.5	
0.32	0.502	
0.322	0.5	
0.322	0.502	
0.324	0.5	
0.324	0.502	
0.326	0.5	
0.326	0.502	
0.328	0.5	
0.328	0.502	
0.33	0.5	
0.33	0.502	
0.332	0.5	
0.332	0.502	
0.334	0.5	
0.334	0.502	
0.336	0.5	
0.336	0.502	
0.338	0.5	
0.338	0.502	
0.34	0.5	
0.34	0.502	
0.342	0.5	
0.342	0.502	
0.344	0.5	
0.344	0.502	
0.346	0.5	
0.346	0.502	
0.348	0.5	
0.348	0.502	
0.35	0.5	
0.35	0.502	
0.352	0.5	
0.352	0.502	
0.354	0.5	
0.354	0.502	
0.356	0.5	
0.356	0.502	
0.358	0.5	
0.358	0.502	
0.36	0.5	
0.36	0.502	
0.362	0.5	
0.362	0.502	
0.364	0.5	
0.364	0.502	
0.366	0.5	
0.366	0.502	
0.368	0.5	
0.368	0.502	
0.37	0.5	
0.37	0.502	
0.372	0.5	
0.372	0.502	
0.374	0.5	
0.374	0.502	
0.376	0.5	
0.376	0.502	
0.378	0.5	
0.378	0.502	
0.38	0.5	
0.38	0.502	
0.382	0.5	
0.382	0.502	
0.384	0.5	
0.384	0.502	
0.386	0.5	
0.386	0.502	
0.388	0.5	
0.388	0.502	
0.39	0.5	
0.39	0.502	
0.392	0.5	
0.392	0.502	
0.394	0.5	
0.394	0.502	
0.396	0.5	
0.396	0.502	
0.398	0.5	
0.398	0.502	
0.4	0.5	
0.4	0.502	
0.402	0.5	
0.402	0.502	
0.404	0.5	
0.404	0.502	
0.406	0.5	
0.406	0.502	
0.408	0.5	
0.408	0.502	
0.41	0.5	
0.41	0.502	
0.412	0.5	
0.412	0.502	
0.414	0.5	
0.414	0.502	
0.416	0.5	
0.416	0.502	
0.418	0.5	
0.418	0.502	
0.42	0.5	
0.42	0.502	
0.422	0.5	
0.422	0.502	
0.424	0.5	
0.424	0.502	
0.426	0.5	
0.426	0.502	
0.428	0.5	
0.428	0.502	
0.43	0.5	
0.43	0.502	
0.432	0.5	
0.432	0.502	
0.434	0.5	
0.434	0.502	
0.436	0.5	
0.436	0.502	
0.438	0.5	
0.438	0.502	
0.44	0.5	
0.44	0.502	
0.442	0.5	
0.442	0.502	
0.444	0.5	
0.444	0.502	
0.446	0.5	
0.446	0.502	
0.448	0.5	
0.448	0.502	
0.45	0.5	
0.45	0.502	
0.452	0.5	
0.452	0.502	
0.454	0.5	
0.454	0.502	
0.456	0.5	
0.456	0.502	
0.458	0.5	
0.458	0.502	
0.46	0.5	
0.46	0.502	
0.462	0.5	
0.462	0.502	
0.464	0.5	
0.464	0.502	
0.466	0.5	
0.466	0.502	
0.468	0.5	
0.468	0.502	
0.47	0.5	
0.47	0.502	
0.472	0.5	
0.472	0.502	
0.474	0.5	
0.474	0.502	
0.476	0.5	
0.476	0.502	
0.478	0.5	
0.478	0.502	
0.48	0.5	
0.48	0.502	
0.482	0.5	
0.482	0.502	
0.484	0.5	
0.484	0.502	
0.486	0.5	
0.486	0.502	
0.488	0.5	
0.488	0.502	
0.49	0.5	
0.49	0.502	
0.492	0.5	
0.492	0.502	
0.494	0.5	
0.494	0.502	
0.496	0.5	
0.496	0.502	
0.498	0.5	
0.498	0.502	
0.5	0.5	
0.5	0.502	
0.502	0.496	
0.502	0.506	
0.504	0.49	
0.504	0.512	
0.506	0.486	
0.506	0.516	
0.508	0.48	
0.508	0.522	
0.51	0.474	
0.51	0.528	
0.512	0.47	
0.512	0.532	
0.514	0.464	
0.514	0.538	
0.516	0.458	
0.516	0.542	
0.518	0.454	
0.518	0.548	
0.52	0.448	
0.52	0.554	
0.522	0.444	
0.522	0.558	
0.524	0.438	
0.524	0.564	
0.526	0.432	
0.526	0.57	
0.528	0.428	
0.528	0.574	
0.53	0.422	
0.53	0.58	
0.532	0.416	
0.532	0.584	
0.534	0.412	
0.534	0.59	
0.536	0.406	
0.536	0.596	
0.538	0.402	
0.538	0.6	
0.54	0.396	
0.54	0.606	
0.542	0.39	
0.542	0.61	
0.544	0.386	
0.544	0.616	
0.546	0.38	
0.546	0.622	
0.548	0.374	
0.548	0.626	
0.55	0.37	
0.55	0.632	
0.552	0.364	
0.552	0.638	
0.554	0.36	
0.554	0.642	
0.556	0.354	
0.556	0.648	
0.558	0.348	
0.558	0.652	
0.56	0.344	
0.56	0.658	
0.562	0.338	
0.562	0.664	
0.564	0.332	
0.564	0.668	
0.566	0.328	
0.566	0.674	
0.568	0.322	
0.568	0.678	
0.57	0.318	
0.57	0.684	
0.572	0.312	
0.572	0.69	
0.574	0.306	
0.574	0.694	
0.576	0.302	
0.576	0.7	
0.578	0.296	
0.578	0.706	
0.58	0.29	
0.58	0.71	
0.582	0.286	
0.582	0.716	
0.584	0.28	
0.584	0.72	
0.586	0.274	
0.586	0.726	
0.588	0.27	
0.588	0.732	
0.59	0.264	
0.59	0.736	
0.592	0.26	
0.592	0.742	
0.594	0.254	
0.594	0.746	
0.596	0.248	
0.596	0.752	
0.598	0.244	
0.598	0.758	
0.6	0.238	
0.6	0.762	
0.602	0.232	
0.602	0.768	
0.604	0.228	
0.604	0.774	
0.606	0.222	
0.606	0.778	
0.608	0.218	
0.608	0.784	
0.61	0.212	
0.61	0.788	
0.612	0.206	
0.612	0.794	
0.614	0.202	
0.614	0.8	
0.616	0.196	
0.616	0.804	
0.618	0.19	
0.618	0.81	
0.62	0.186	
0.62	0.814	
0.622	0.18	
0.622	0.82	
0.624	0.176	
0.624	0.826	
0.626	0.17	
0.626	0.83	
0.628	0.164	
0.628	0.836	
0.63	0.16	
0.63	0.842	
0.632	0.154	
0.632	0.846	
0.634	0.148	
0.634	0.852	
0.636	0.144	
0.636	0.856	
0.638	0.138	
0.638	0.862	
0.64	0.134	
0.64	0.868	
0.642	0.128	
0.642	0.872	
0.644	0.122	
0.644	0.878	
0.646	0.118	
0.646	0.884	
0.648	0.112	
0.648	0.888	
0.65	0.106	
0.65	0.894	
0.652	0.102	
0.652	0.898	
0.654	0.096	
0.654	0.904	
0.656	0.092	
0.656	0.91	
0.658	0.086	
0.658	0.914	
0.66	0.08	
0.66	0.92	
0.662	0.076	
0.662	0.924	
0.664	0.07	
0.664	0.93	
0.666	0.064	
0.666	0.936	
0.668	0.06	
0.668	0.94	
0.67	0.054	
0.67	0.946	
0.672	0.048	
0.672	0.952	
0.674	0.044	
0.674	0.956	
0.676	0.038	
0.676	0.962	
0.678	0.034	
0.678	0.966	
0.68	0.028	
0.68	0.972	
0.682	0.022	
0.682	0.978	
0.684	0.018	
0.684	0.982	
0.686	0.012	
0.686	0.988	
0.688	0.006	
0.688	0.992	
0.69	0.002	
0.69	0.998	
